label	treg	treg	treg	treg	treg	treg	treg	treg	treg	treg	treg	treg	treg	treg	treg	treg	treg	treg
sample	AMK3_Tumor_Treg#1	AMK5_Tumor_Treg#2	AMK6_Tumor_Treg#3	AMK5_Normal_Treg#1	AMK6_Normal_Treg#2	AMK7_Normal_Treg#3	AMK7_Tumor_Treg#4	AMK9_Tumor_Treg#6	AMK10_Tumor_Treg#7	AMK11_Tumor_Treg#8	AMK12_Tumor_Treg#9	AMK13_Tumor_Treg#10	AMK14_Tumor_Treg#11	AMK15_Tumor_Treg#12	AMK8_Normal_Treg#4	AMK10_Normal_Treg#5	AMK11_Normal_Treg#6	AMK15_Normal_Treg#9
7SK	0	0	13	1	4	6	3	2	2	0	0	0	8	3	2	0	7	6
A1BG	2	8	6	4	10	10	3	0	3	0	7	1	0	3	3	1	1	6
A1BG-AS1	9	19	9	13	9	10	39	14	14	22	2	5	11	9	16	26	2	44
A1CF	5	0	4	6	21	12	0	4	0	0	8	4	6	8	4	3	1	8
A2M	106	1	14	23	127	42	0	24	21	14	48	25	22	46	59	308	205	198
A2M-AS1	13	0	3	4	13	4	2	9	25	0	7	5	0	3	10	53	41	59
A2ML1	9	1	13	4	14	17	1	0	0	1	2	2	6	8	0	3	7	0
A2ML1-AS1	0	0	2	0	0	0	0	0	0	0	0	0	0	0	0	0	0	0
A2ML1-AS2	0	0	0	1	2	0	0	0	0	0	0	0	0	0	0	0	0	0
A2MP1	22	2	9	12	3	4	4	5	3	1	20	1	9	4	0	28	4	53
A3GALT2	0	1	0	0	0	1	0	0	0	1	1	0	0	0	0	0	0	0
A4GALT	0	6	0	0	1	0	1	10	0	5	0	0	4	1	3	0	0	3
A4GNT	2	0	0	3	0	3	0	0	2	0	0	0	3	0	0	0	0	0
AA06	0	0	0	0	0	0	0	0	0	0	0	0	0	0	0	0	0	9
AAAS	86	74	44	82	60	66	347	95	112	243	135	104	138	138	87	120	90	140
AACS	28	34	30	22	14	12	119	18	56	126	34	27	44	63	57	100	32	32
AACSP1	0	1	1	3	0	0	0	0	0	0	0	1	0	1	0	0	0	0
AADAC	0	0	0	7	0	0	0	0	0	0	1	1	5	4	0	0	0	0
AADACL2	7	0	8	9	6	4	0	0	0	0	0	0	4	6	0	0	0	3
AADACL2-AS1	1	0	3	0	0	0	0	0	0	0	0	0	1	0	0	0	1	0
AADACL3	7	0	0	0	6	7	0	0	0	0	0	0	0	24	0	0	0	0
AADACL4	0	1	0	0	1	1	0	0	0	0	2	0	2	2	0	0	0	2
AADACP1	1	0	2	3	1	0	0	0	0	0	1	0	7	0	1	0	0	0
AADAT	0	0	1	0	1	7	0	0	0	0	0	0	0	0	0	3	0	0
AAED1	2	5	10	10	1	1	39	7	28	17	3	8	8	12	21	11	2	2
AAGAB	156	183	129	261	133	166	352	112	209	136	195	109	95	146	137	179	71	136
AAK1	742	444	554	784	587	609	742	356	725	611	825	277	355	566	568	1216	649	420
AAMDC	12	39	10	23	24	16	25	20	3	22	7	7	4	7	5	7	8	0
AAMP	182	163	121	277	78	81	300	24	145	104	115	92	70	128	199	114	90	129
AANAT	1	0	5	0	0	0	0	0	5	0	1	0	0	6	3	3	0	0
AAR2	75	44	73	107	31	81	106	42	107	11	63	72	33	59	62	105	67	45
AARD	0	0	2	3	1	0	0	0	0	0	0	1	0	0	0	0	0	0
AARS	152	135	75	147	35	59	439	30	294	374	193	89	217	274	231	326	100	193
AARS2	67	43	43	140	57	45	144	74	110	154	76	54	42	76	128	212	125	128
AARSD1	10	14	6	10	15	12	13	14	4	12	3	15	11	9	19	25	23	18
AARSP1	0	0	0	0	0	1	0	0	0	0	0	0	0	0	0	0	0	0
AASDH	72	57	73	65	70	63	59	23	9	38	69	20	64	56	85	78	68	37
AASDHPPT	157	156	87	205	125	114	235	96	137	136	103	64	82	53	77	84	63	65
AASS	5	19	31	40	54	14	2	1	15	9	21	26	38	17	122	59	19	32
AATBC	4	3	2	6	0	2	1	2	0	0	0	0	0	19	0	1	0	19
AATF	231	256	179	330	144	152	536	149	390	210	273	166	183	280	243	227	163	212
AATK	0	0	0	5	1	1	4	0	4	2	5	1	2	5	5	5	4	2
AATK-AS1	0	0	0	0	1	0	0	0	0	0	0	0	0	1	0	0	0	0
AB015752.1	0	0	0	2	0	0	0	0	0	2	0	1	0	0	0	0	0	0
ABALON	2	2	1	0	3	5	1	3	0	0	5	4	3	2	6	3	1	2
ABAT	72	83	69	69	65	33	108	70	72	105	76	43	48	88	23	71	38	17
ABBA01000935.2	0	0	0	0	0	3	0	0	0	2	0	0	1	0	0	0	0	0
ABBA01006766.1	2	0	0	0	0	0	0	0	0	0	0	0	0	1	0	0	0	0
ABBA01006766.2	0	0	0	0	0	0	0	0	0	0	0	0	0	0	0	0	0	0
ABBA01031660.1	2	0	0	0	1	0	0	0	0	0	0	0	0	0	0	0	0	0
ABBA01031661.1	0	0	0	0	0	0	0	0	0	0	0	0	1	0	1	0	0	0
ABBA01031663.1	0	0	0	0	0	0	0	0	0	0	0	0	0	0	0	0	0	0
ABBA01031674.1	0	0	0	0	0	0	0	0	0	0	1	0	0	0	0	0	0	0
ABBA01040607.1	0	0	0	0	0	0	0	0	0	0	0	0	0	0	0	0	0	0
ABCA1	69	21	69	72	77	93	139	23	5	39	132	43	159	86	51	28	120	33
ABCA10	0	11	2	13	28	11	2	2	1	10	13	3	5	23	0	32	5	19
ABCA11P	4	4	0	4	7	1	1	0	0	10	1	7	2	2	7	3	7	1
ABCA12	6	2	24	14	24	12	8	0	22	6	1	6	9	21	0	6	2	23
ABCA13	6	9	25	9	26	13	2	3	1	0	16	5	7	14	2	0	0	34
ABCA17P	11	3	8	11	1	0	1	5	0	18	4	4	3	14	0	3	5	3
ABCA2	51	56	17	76	25	34	70	4	50	57	27	32	51	35	18	20	4	23
ABCA3	5	8	11	7	11	21	27	13	27	15	5	11	2	5	4	7	22	13
ABCA4	7	0	5	16	13	9	0	0	0	4	3	1	2	7	0	0	3	9
ABCA5	176	101	94	89	196	130	148	154	119	216	207	127	191	149	165	324	245	96
ABCA6	2	1	9	0	1	5	3	0	0	0	3	1	16	28	0	0	4	7
ABCA7	59	98	72	197	88	103	260	194	190	442	251	205	302	380	292	541	282	229
ABCA8	6	0	10	7	15	3	1	0	0	3	7	0	6	22	0	0	0	15
ABCA9	4	1	9	6	5	25	0	4	0	0	3	3	5	12	18	0	4	0
ABCA9-AS1	2	0	1	3	2	10	0	0	0	0	6	0	2	0	0	0	0	0
ABCB1	3	2	9	22	36	78	2	0	10	6	10	41	42	30	46	23	39	10
ABCB10	39	55	19	62	13	32	158	58	80	36	36	21	31	72	18	83	43	16
ABCB10P1	0	0	0	0	0	1	0	0	0	0	0	0	0	0	0	0	0	0
ABCB10P3	0	0	0	0	0	0	0	0	0	0	0	0	0	0	0	0	0	0
ABCB10P4	0	0	0	0	0	0	0	0	0	0	0	0	0	0	0	0	0	0
ABCB11	6	0	12	6	8	18	0	0	1	0	6	2	14	10	0	0	1	1
ABCB4	6	1	9	12	21	20	0	2	0	0	1	5	5	8	3	3	9	1
ABCB5	0	0	17	0	17	0	5	4	2	20	7	2	5	28	0	0	3	37
ABCB6	0	0	7	8	13	1	21	20	13	8	2	0	0	5	2	15	5	1
ABCB7	230	167	76	226	63	103	295	119	183	156	143	90	86	137	124	198	97	79
ABCB8	45	66	58	93	43	36	140	95	146	129	96	62	67	92	94	56	67	24
ABCB9	4	5	8	4	1	13	9	4	6	2	2	2	9	8	7	3	10	4
ABCC1	243	86	128	222	81	88	272	130	291	272	265	115	220	212	270	502	125	182
ABCC10	106	227	111	192	105	206	468	193	261	298	261	110	166	261	236	248	160	130
ABCC11	2	5	4	0	2	6	0	0	0	2	1	2	0	17	0	1	3	8
ABCC12	3	1	14	11	6	3	5	1	1	0	0	8	4	10	0	0	2	2
ABCC13	7	0	6	4	7	10	0	0	0	0	1	0	11	5	2	0	0	22
ABCC2	4	0	9	18	11	45	27	18	4	10	22	20	13	30	3	14	9	6
ABCC3	2	0	16	8	3	5	0	0	3	0	1	0	0	11	0	0	1	16
ABCC4	20	59	39	78	20	38	71	29	44	45	39	31	62	95	31	51	66	27
ABCC5	82	128	73	202	59	125	228	92	97	115	82	24	85	119	117	179	80	53
ABCC5-AS1	0	0	3	4	1	0	0	0	0	0	0	0	0	1	0	7	0	3
ABCC6	2	6	5	23	3	5	1	4	12	3	6	2	4	11	7	17	10	17
ABCC6P1	1	0	0	0	1	0	2	0	0	0	0	0	1	1	0	0	0	3
ABCC6P2	0	0	0	3	0	0	0	0	0	0	0	0	0	0	0	0	0	0
ABCC8	1	0	0	0	4	1	0	0	0	0	2	1	1	17	3	0	0	13
ABCC9	36	1	22	2	13	8	0	0	0	0	2	13	20	24	0	3	2	8
ABCD1	1	3	5	3	6	5	29	12	10	28	31	33	46	32	12	15	5	13
ABCD1P2	0	0	0	0	0	1	0	0	0	0	0	0	0	0	0	0	0	8
ABCD1P3	0	0	0	0	0	0	0	0	0	0	0	0	0	0	0	0	0	0
ABCD1P4	0	0	0	0	0	0	0	0	0	0	0	0	0	0	0	0	0	0
ABCD1P5	0	0	0	0	0	0	0	0	0	0	0	0	0	0	0	0	0	0
ABCD2	44	55	63	69	104	95	108	7	102	157	61	118	80	57	95	92	91	22
ABCD3	105	140	67	153	119	59	210	51	162	106	71	66	82	83	78	53	80	44
ABCD4	133	130	79	196	88	96	364	145	254	381	209	178	120	250	227	293	245	206
ABCE1	176	175	111	209	121	120	401	128	250	125	99	93	201	132	131	217	127	53
ABCF1	160	152	143	210	125	90	449	124	189	265	157	146	153	238	152	110	151	143
ABCF2	117	113	82	129	45	59	343	101	158	161	131	105	52	132	155	125	121	106
ABCF2P1	0	0	3	1	0	0	0	0	0	0	0	0	0	10	0	1	0	0
ABCF2P2	0	0	1	0	0	0	0	0	0	0	0	0	0	0	0	0	0	0
ABCF3	61	122	42	123	65	76	121	97	102	111	81	63	65	59	123	87	65	64
ABCG1	50	64	38	45	26	33	328	46	81	81	119	109	215	187	48	18	80	99
ABCG2	13	0	13	1	3	9	7	3	1	0	1	0	1	1	0	6	1	2
ABCG4	0	0	2	0	2	5	0	0	0	0	0	0	3	9	0	0	0	0
ABCG5	2	2	4	2	3	0	0	0	0	0	0	2	0	12	0	5	0	1
ABCG8	5	1	4	3	5	4	4	0	1	0	0	0	0	2	7	0	0	0
ABHD1	7	2	13	3	1	19	5	4	0	3	14	6	2	8	2	10	6	0
ABHD10	236	190	74	247	80	109	337	62	149	65	67	73	62	91	108	167	68	43
ABHD11	2	16	14	18	3	18	28	15	40	42	16	16	17	18	4	28	17	34
ABHD11-AS1	0	0	0	0	0	0	0	0	3	0	0	0	0	1	0	0	0	0
ABHD12	25	14	22	15	15	12	49	19	20	51	27	17	92	37	27	30	19	23
ABHD12B	2	0	3	3	0	4	0	0	0	0	0	0	3	11	1	0	5	0
ABHD13	58	70	67	66	19	76	192	45	84	141	121	67	136	165	68	55	42	26
ABHD14A	15	20	7	20	22	6	61	12	25	31	35	15	25	66	32	29	16	26
ABHD14A-ACY1	0	0	0	0	0	1	2	0	0	0	0	0	0	1	2	1	0	0
ABHD14B	101	99	59	144	76	65	340	67	188	114	182	93	106	254	188	269	114	202
ABHD15	11	21	27	18	14	17	27	16	9	32	65	41	42	29	61	29	26	50
ABHD15-AS1	0	0	0	1	0	0	0	0	0	0	0	0	0	0	0	0	0	0
ABHD16A	18	19	13	25	7	19	56	19	29	27	8	16	17	15	3	21	22	18
ABHD16B	0	0	0	0	0	0	0	0	0	0	0	0	0	0	0	0	0	0
ABHD17A	10	12	14	20	2	21	15	7	25	4	50	15	20	27	37	10	43	45
ABHD17AP1	1	0	1	0	0	0	0	0	0	0	0	0	0	0	0	0	0	0
ABHD17AP3	1	0	0	0	0	0	0	0	0	0	0	0	2	0	0	0	0	0
ABHD17AP4	0	0	0	0	0	0	0	0	0	0	0	0	0	0	0	0	0	0
ABHD17AP5	0	0	0	0	0	0	0	0	0	0	0	0	0	0	0	0	0	0
ABHD17AP6	0	0	0	0	0	0	0	0	0	0	0	0	0	0	0	0	0	0
ABHD17AP7	0	0	0	0	0	0	0	0	0	0	0	0	0	0	0	0	0	0
ABHD17AP8	0	0	0	0	0	0	0	0	0	0	0	0	0	0	0	0	0	0
ABHD17AP9	0	0	0	0	0	0	0	0	0	0	0	0	0	0	0	0	0	0
ABHD17B	45	30	14	20	13	36	38	32	32	34	51	27	49	37	21	20	9	5
ABHD17C	5	0	5	4	13	2	0	2	0	0	2	2	0	2	0	0	9	3
ABHD18	151	128	96	131	76	122	244	110	116	196	112	44	96	155	119	201	87	95
ABHD2	230	291	135	288	83	101	143	103	178	182	91	48	29	79	122	133	92	109
ABHD3	450	233	216	532	259	296	574	194	376	322	315	229	185	330	260	387	325	325
ABHD4	97	40	17	48	12	15	185	2	61	99	32	21	43	61	16	87	25	8
ABHD5	112	73	71	89	99	76	185	103	97	94	56	36	50	69	149	127	113	1
ABHD6	7	9	4	3	8	16	45	4	2	1	0	6	12	15	3	17	15	15
ABHD8	0	0	0	1	1	0	3	0	0	5	0	0	2	7	0	1	0	2
ABI1	557	425	346	777	293	417	1090	466	577	534	500	253	257	364	512	569	420	351
ABI1P1	1	0	0	4	0	2	1	0	0	3	0	0	2	11	0	0	0	0
ABI2	219	287	180	179	118	154	511	230	253	271	139	93	115	150	106	286	97	81
ABI3	74	153	99	234	40	125	215	75	250	118	293	119	148	245	101	122	73	125
ABI3BP	5	2	17	11	49	30	4	0	9	7	7	3	15	11	9	8	3	15
ABL1	23	42	24	12	21	31	135	40	49	115	38	35	54	59	65	60	18	11
ABL2	44	15	13	47	57	37	93	40	118	35	57	27	17	29	48	131	68	35
ABLIM1	121	27	106	381	234	239	181	111	364	331	391	227	281	377	255	800	798	471
ABLIM2	3	2	2	6	5	6	4	0	2	4	13	0	0	3	0	0	2	1
ABLIM3	2	3	5	0	0	4	24	2	1	3	0	4	0	10	0	0	0	13
ABO	0	0	0	3	5	3	0	2	1	0	15	3	0	0	0	0	0	0
ABR	128	160	75	206	88	116	323	131	169	221	187	86	94	190	144	183	95	168
ABRA	0	0	10	6	2	2	0	0	3	8	0	0	0	0	27	0	4	0
ABRACL	396	350	340	520	166	289	329	94	200	151	245	103	112	188	183	134	63	204
ABRAXAS1	29	27	16	44	20	15	26	33	13	48	23	13	17	11	23	74	28	40
ABRAXAS2	93	76	58	80	17	84	68	22	40	64	107	43	33	76	62	35	114	157
ABT1	142	163	91	232	74	124	160	97	100	112	87	57	45	62	138	91	66	69
ABT1P1	0	0	1	0	0	0	0	0	0	0	0	1	0	0	0	0	0	0
ABTB1	67	79	52	187	73	94	125	84	63	40	104	69	92	118	102	115	65	68
ABTB2	28	38	21	15	1	2	123	64	129	134	32	38	17	15	53	2	0	1